Attribute Evaluator (supervised, Class (nominal): 22 class):
	Gain Ratio feature evaluator

Ranked attributes:
 0.1582   16 16
 0.0526   19 19
 0.0519   11 11
 0.0472   14 14
 0.0455    6 6
 0.0405   18 18
 0.0395   17 17
 0.0367    9 9
 0.0354    1 1
 0.0307    5 5
 0.0291   20 20
 0.0263    4 4
 0.0238   15 15
 0.0234   12 12
 0.0234   10 10
 0.0201   21 21
 0.0169    2 2
 0.0155    8 8
 0.013     3 3
 0.0125    7 7
 0.011    13 13

Selected attributes: 16,19,11,14,6,18,17,9,1,5,20,4,15,12,10,21,2,8,3,7,13 : 21

