Attribute Evaluator (supervised, Class (nominal): 22 class):
	Information Gain Ranking Filter

Ranked attributes:
 0.08066   14 14
 0.07159   11 11
 0.07005    6 6
 0.06683    1 1
 0.06643   18 18
 0.05912    9 9
 0.058     19 19
 0.05678   17 17
 0.05167    5 5
 0.04797   20 20
 0.04392    4 4
 0.04346   10 10
 0.04346   12 12
 0.04011   15 15
 0.02745    8 8
 0.02694    2 2
 0.02636   21 21
 0.02269    7 7
 0.01692   13 13
 0.01176    3 3
 0.00905   16 16

Selected attributes: 14,11,6,1,18,9,19,17,5,20,4,10,12,15,8,2,21,7,13,3,16 : 21

